0 0.0099 0.0196 0.0291 0.0384 0.0475 0.0564 0.0651 0.0736 0.0819 0.09 0.0979 0.1056 0.1131 0.1204 0.1275 0.1344 0.1411 0.1476 0.1539 0.16 0.1659 0.1716 0.1771 0.1824 0.1875 0.1924 0.1971 0.2016 0.2059 0.21 0.2139 0.2176 0.2211 0.2244 0.2275 0.2304 0.2331 0.2356 0.2379 0.24 0.2419 0.2436 0.2451 0.2464 0.2475 0.2484 0.2491 0.2496 0.2499 0.25 0.2499 0.2496 0.2491 0.2484 0.2475 0.2464 0.2451 0.2436 0.2419 0.24 0.2379 0.2356 0.2331 0.2304 0.2275 0.2244 0.2211 0.2176 0.2139 0.21 0.2059 0.2016 0.1971 0.1924 0.1875 0.1824 0.1771 0.1716 0.1659 0.16 0.1539 0.1476 0.1411 0.1344 0.1275 0.1204 0.1131 0.1056 0.0979 0.09 0.0819 0.0736 0.0651 0.0564 0.0475 0.0384 0.0291 0.0196 0.0099 0 
-0.0001 0.0098 0.0195 0.029 0.0383 0.0474 0.0563 0.065 0.0735 0.0818 0.0899 0.0978 0.1055 0.113 0.1203 0.1274 0.1343 0.141 0.1475 0.1538 0.1599 0.1658 0.1715 0.177 0.1823 0.1874 0.1923 0.197 0.2015 0.2058 0.2099 0.2138 0.2175 0.221 0.2243 0.2274 0.2303 0.233 0.2355 0.2378 0.2399 0.2418 0.2435 0.245 0.2463 0.2474 0.2483 0.249 0.2495 0.2498 0.2499 0.2498 0.2495 0.249 0.2483 0.2474 0.2463 0.245 0.2435 0.2418 0.2399 0.2378 0.2355 0.233 0.2303 0.2274 0.2243 0.221 0.2175 0.2138 0.2099 0.2058 0.2015 0.197 0.1923 0.1874 0.1823 0.177 0.1715 0.1658 0.1599 0.1538 0.1475 0.141 0.1343 0.1274 0.1203 0.113 0.1055 0.0978 0.0899 0.0818 0.0735 0.065 0.0563 0.0474 0.0383 0.029 0.0195 0.0098 0 
0 0.0096 0.0192 0.0287 0.038 0.0471 0.056 0.0647 0.0732 0.0815 0.0896 0.0975 0.1052 0.1127 0.12 0.1271 0.134 0.1407 0.1472 0.1535 0.1596 0.1655 0.1712 0.1767 0.182 0.1871 0.192 0.1967 0.2012 0.2055 0.2096 0.2135 0.2172 0.2207 0.224 0.2271 0.23 0.2327 0.2352 0.2375 0.2396 0.2415 0.2432 0.2447 0.246 0.2471 0.248 0.2487 0.2492 0.2495 0.2496 0.2495 0.2492 0.2487 0.248 0.2471 0.246 0.2447 0.2432 0.2415 0.2396 0.2375 0.2352 0.2327 0.23 0.2271 0.224 0.2207 0.2172 0.2135 0.2096 0.2055 0.2012 0.1967 0.192 0.1871 0.182 0.1767 0.1712 0.1655 0.1596 0.1535 0.1472 0.1407 0.134 0.1271 0.12 0.1127 0.1052 0.0975 0.0896 0.0815 0.0732 0.0647 0.056 0.0471 0.038 0.0287 0.0192 0.0096 0 
0 0.0094 0.0188 0.0282 0.0375 0.0466 0.0555 0.0642 0.0727 0.081 0.0891 0.097 0.1047 0.1122 0.1195 0.1266 0.1335 0.1402 0.1467 0.153 0.1591 0.165 0.1707 0.1762 0.1815 0.1866 0.1915 0.1962 0.2007 0.205 0.2091 0.213 0.2167 0.2202 0.2235 0.2266 0.2295 0.2322 0.2347 0.237 0.2391 0.241 0.2427 0.2442 0.2455 0.2466 0.2475 0.2482 0.2487 0.249 0.2491 0.249 0.2487 0.2482 0.2475 0.2466 0.2455 0.2442 0.2427 0.241 0.2391 0.237 0.2347 0.2322 0.2295 0.2266 0.2235 0.2202 0.2167 0.213 0.2091 0.205 0.2007 0.1962 0.1915 0.1866 0.1815 0.1762 0.1707 0.165 0.1591 0.153 0.1467 0.1402 0.1335 0.1266 0.1195 0.1122 0.1047 0.097 0.0891 0.081 0.0727 0.0642 0.0555 0.0466 0.0375 0.0282 0.0188 0.0094 0 
0 0.0092 0.0184 0.0276 0.0368 0.0459 0.0548 0.0635 0.072 0.0803 0.0884 0.0963 0.104 0.1115 0.1188 0.1259 0.1328 0.1395 0.146 0.1523 0.1584 0.1643 0.17 0.1755 0.1808 0.1859 0.1908 0.1955 0.2 0.2043 0.2084 0.2123 0.216 0.2195 0.2228 0.2259 0.2288 0.2315 0.234 0.2363 0.2384 0.2403 0.242 0.2435 0.2448 0.2459 0.2468 0.2475 0.248 0.2483 0.2484 0.2483 0.248 0.2475 0.2468 0.2459 0.2448 0.2435 0.242 0.2403 0.2384 0.2363 0.234 0.2315 0.2288 0.2259 0.2228 0.2195 0.216 0.2123 0.2084 0.2043 0.2 0.1955 0.1908 0.1859 0.1808 0.1755 0.17 0.1643 0.1584 0.1523 0.146 0.1395 0.1328 0.1259 0.1188 0.1115 0.104 0.0963 0.0884 0.0803 0.072 0.0635 0.0548 0.0459 0.0368 0.0276 0.0184 0.0092 0 
0 0.009 0.018 0.027 0.036 0.045 0.0539 0.0626 0.0711 0.0794 0.0875 0.0954 0.1031 0.1106 0.1179 0.125 0.1319 0.1386 0.1451 0.1514 0.1575 0.1634 0.1691 0.1746 0.1799 0.185 0.1899 0.1946 0.1991 0.2034 0.2075 0.2114 0.2151 0.2186 0.2219 0.225 0.2279 0.2306 0.2331 0.2354 0.2375 0.2394 0.2411 0.2426 0.2439 0.245 0.2459 0.2466 0.2471 0.2474 0.2475 0.2474 0.2471 0.2466 0.2459 0.245 0.2439 0.2426 0.2411 0.2394 0.2375 0.2354 0.2331 0.2306 0.2279 0.225 0.2219 0.2186 0.2151 0.2114 0.2075 0.2034 0.1991 0.1946 0.1899 0.185 0.1799 0.1746 0.1691 0.1634 0.1575 0.1514 0.1451 0.1386 0.1319 0.125 0.1179 0.1106 0.1031 0.0954 0.0875 0.0794 0.0711 0.0626 0.0539 0.045 0.036 0.027 0.018 0.009 0 
0 0.0088 0.0176 0.0264 0.0352 0.044 0.0528 0.0615 0.07 0.0783 0.0864 0.0943 0.102 0.1095 0.1168 0.1239 0.1308 0.1375 0.144 0.1503 0.1564 0.1623 0.168 0.1735 0.1788 0.1839 0.1888 0.1935 0.198 0.2023 0.2064 0.2103 0.214 0.2175 0.2208 0.2239 0.2268 0.2295 0.232 0.2343 0.2364 0.2383 0.24 0.2415 0.2428 0.2439 0.2448 0.2455 0.246 0.2463 0.2464 0.2463 0.246 0.2455 0.2448 0.2439 0.2428 0.2415 0.24 0.2383 0.2364 0.2343 0.232 0.2295 0.2268 0.2239 0.2208 0.2175 0.214 0.2103 0.2064 0.2023 0.198 0.1935 0.1888 0.1839 0.1788 0.1735 0.168 0.1623 0.1564 0.1503 0.144 0.1375 0.1308 0.1239 0.1168 0.1095 0.102 0.0943 0.0864 0.0783 0.07 0.0615 0.0528 0.044 0.0352 0.0264 0.0176 0.0088 0 
0 0.0086 0.0172 0.0258 0.0344 0.043 0.0516 0.0602 0.0687 0.077 0.0851 0.093 0.1007 0.1082 0.1155 0.1226 0.1295 0.1362 0.1427 0.149 0.1551 0.161 0.1667 0.1722 0.1775 0.1826 0.1875 0.1922 0.1967 0.201 0.2051 0.209 0.2127 0.2162 0.2195 0.2226 0.2255 0.2282 0.2307 0.233 0.2351 0.237 0.2387 0.2402 0.2415 0.2426 0.2435 0.2442 0.2447 0.245 0.2451 0.245 0.2447 0.2442 0.2435 0.2426 0.2415 0.2402 0.2387 0.237 0.2351 0.233 0.2307 0.2282 0.2255 0.2226 0.2195 0.2162 0.2127 0.209 0.2051 0.201 0.1967 0.1922 0.1875 0.1826 0.1775 0.1722 0.1667 0.161 0.1551 0.149 0.1427 0.1362 0.1295 0.1226 0.1155 0.1082 0.1007 0.093 0.0851 0.077 0.0687 0.0602 0.0516 0.043 0.0344 0.0258 0.0172 0.0086 0 
0 0.0084 0.0168 0.0252 0.0336 0.042 0.0504 0.0588 0.0672 0.0755 0.0836 0.0915 0.0992 0.1067 0.114 0.1211 0.128 0.1347 0.1412 0.1475 0.1536 0.1595 0.1652 0.1707 0.176 0.1811 0.186 0.1907 0.1952 0.1995 0.2036 0.2075 0.2112 0.2147 0.218 0.2211 0.224 0.2267 0.2292 0.2315 0.2336 0.2355 0.2372 0.2387 0.24 0.2411 0.242 0.2427 0.2432 0.2435 0.2436 0.2435 0.2432 0.2427 0.242 0.2411 0.24 0.2387 0.2372 0.2355 0.2336 0.2315 0.2292 0.2267 0.224 0.2211 0.218 0.2147 0.2112 0.2075 0.2036 0.1995 0.1952 0.1907 0.186 0.1811 0.176 0.1707 0.1652 0.1595 0.1536 0.1475 0.1412 0.1347 0.128 0.1211 0.114 0.1067 0.0992 0.0915 0.0836 0.0755 0.0672 0.0588 0.0504 0.042 0.0336 0.0252 0.0168 0.0084 0 
0 0.0082 0.0164 0.0246 0.0328 0.041 0.0492 0.0574 0.0656 0.0738 0.0819 0.0898 0.0975 0.105 0.1123 0.1194 0.1263 0.133 0.1395 0.1458 0.1519 0.1578 0.1635 0.169 0.1743 0.1794 0.1843 0.189 0.1935 0.1978 0.2019 0.2058 0.2095 0.213 0.2163 0.2194 0.2223 0.225 0.2275 0.2298 0.2319 0.2338 0.2355 0.237 0.2383 0.2394 0.2403 0.241 0.2415 0.2418 0.2419 0.2418 0.2415 0.241 0.2403 0.2394 0.2383 0.237 0.2355 0.2338 0.2319 0.2298 0.2275 0.225 0.2223 0.2194 0.2163 0.213 0.2095 0.2058 0.2019 0.1978 0.1935 0.189 0.1843 0.1794 0.1743 0.169 0.1635 0.1578 0.1519 0.1458 0.1395 0.133 0.1263 0.1194 0.1123 0.105 0.0975 0.0898 0.0819 0.0738 0.0656 0.0574 0.0492 0.041 0.0328 0.0246 0.0164 0.0082 0 
0 0.008 0.016 0.024 0.032 0.04 0.048 0.056 0.064 0.072 0.08 0.0879 0.0956 0.1031 0.1104 0.1175 0.1244 0.1311 0.1376 0.1439 0.15 0.1559 0.1616 0.1671 0.1724 0.1775 0.1824 0.1871 0.1916 0.1959 0.2 0.2039 0.2076 0.2111 0.2144 0.2175 0.2204 0.2231 0.2256 0.2279 0.23 0.2319 0.2336 0.2351 0.2364 0.2375 0.2384 0.2391 0.2396 0.2399 0.24 0.2399 0.2396 0.2391 0.2384 0.2375 0.2364 0.2351 0.2336 0.2319 0.23 0.2279 0.2256 0.2231 0.2204 0.2175 0.2144 0.2111 0.2076 0.2039 0.2 0.1959 0.1916 0.1871 0.1824 0.1775 0.1724 0.1671 0.1616 0.1559 0.15 0.1439 0.1376 0.1311 0.1244 0.1175 0.1104 0.1031 0.0956 0.0879 0.08 0.072 0.064 0.056 0.048 0.04 0.032 0.024 0.016 0.008 0 
0 0.0078 0.0156 0.0234 0.0312 0.039 0.0468 0.0546 0.0624 0.0702 0.078 0.0858 0.0935 0.101 0.1083 0.1154 0.1223 0.129 0.1355 0.1418 0.1479 0.1538 0.1595 0.165 0.1703 0.1754 0.1803 0.185 0.1895 0.1938 0.1979 0.2018 0.2055 0.209 0.2123 0.2154 0.2183 0.221 0.2235 0.2258 0.2279 0.2298 0.2315 0.233 0.2343 0.2354 0.2363 0.237 0.2375 0.2378 0.2379 0.2378 0.2375 0.237 0.2363 0.2354 0.2343 0.233 0.2315 0.2298 0.2279 0.2258 0.2235 0.221 0.2183 0.2154 0.2123 0.209 0.2055 0.2018 0.1979 0.1938 0.1895 0.185 0.1803 0.1754 0.1703 0.165 0.1595 0.1538 0.1479 0.1418 0.1355 0.129 0.1223 0.1154 0.1083 0.101 0.0935 0.0858 0.078 0.0702 0.0624 0.0546 0.0468 0.039 0.0312 0.0234 0.0156 0.0078 0 
0 0.0076 0.0152 0.0228 0.0304 0.038 0.0456 0.0532 0.0608 0.0684 0.076 0.0836 0.0912 0.0987 0.106 0.1131 0.12 0.1267 0.1332 0.1395 0.1456 0.1515 0.1572 0.1627 0.168 0.1731 0.178 0.1827 0.1872 0.1915 0.1956 0.1995 0.2032 0.2067 0.21 0.2131 0.216 0.2187 0.2212 0.2235 0.2256 0.2275 0.2292 0.2307 0.232 0.2331 0.234 0.2347 0.2352 0.2355 0.2356 0.2355 0.2352 0.2347 0.234 0.2331 0.232 0.2307 0.2292 0.2275 0.2256 0.2235 0.2212 0.2187 0.216 0.2131 0.21 0.2067 0.2032 0.1995 0.1956 0.1915 0.1872 0.1827 0.178 0.1731 0.168 0.1627 0.1572 0.1515 0.1456 0.1395 0.1332 0.1267 0.12 0.1131 0.106 0.0987 0.0912 0.0836 0.076 0.0684 0.0608 0.0532 0.0456 0.038 0.0304 0.0228 0.0152 0.0076 0 
0 0.0074 0.0148 0.0222 0.0296 0.037 0.0444 0.0518 0.0592 0.0666 0.074 0.0814 0.0888 0.0962 0.1035 0.1106 0.1175 0.1242 0.1307 0.137 0.1431 0.149 0.1547 0.1602 0.1655 0.1706 0.1755 0.1802 0.1847 0.189 0.1931 0.197 0.2007 0.2042 0.2075 0.2106 0.2135 0.2162 0.2187 0.221 0.2231 0.225 0.2267 0.2282 0.2295 0.2306 0.2315 0.2322 0.2327 0.233 0.2331 0.233 0.2327 0.2322 0.2315 0.2306 0.2295 0.2282 0.2267 0.225 0.2231 0.221 0.2187 0.2162 0.2135 0.2106 0.2075 0.2042 0.2007 0.197 0.1931 0.189 0.1847 0.1802 0.1755 0.1706 0.1655 0.1602 0.1547 0.149 0.1431 0.137 0.1307 0.1242 0.1175 0.1106 0.1035 0.0962 0.0888 0.0814 0.074 0.0666 0.0592 0.0518 0.0444 0.037 0.0296 0.0222 0.0148 0.0074 0 
0 0.0072 0.0144 0.0216 0.0288 0.036 0.0432 0.0504 0.0576 0.0648 0.072 0.0792 0.0864 0.0936 0.1008 0.1079 0.1148 0.1215 0.128 0.1343 0.1404 0.1463 0.152 0.1575 0.1628 0.1679 0.1728 0.1775 0.182 0.1863 0.1904 0.1943 0.198 0.2015 0.2048 0.2079 0.2108 0.2135 0.216 0.2183 0.2204 0.2223 0.224 0.2255 0.2268 0.2279 0.2288 0.2295 0.23 0.2303 0.2304 0.2303 0.23 0.2295 0.2288 0.2279 0.2268 0.2255 0.224 0.2223 0.2204 0.2183 0.216 0.2135 0.2108 0.2079 0.2048 0.2015 0.198 0.1943 0.1904 0.1863 0.182 0.1775 0.1728 0.1679 0.1628 0.1575 0.152 0.1463 0.1404 0.1343 0.128 0.1215 0.1148 0.1079 0.1008 0.0936 0.0864 0.0792 0.072 0.0648 0.0576 0.0504 0.0432 0.036 0.0288 0.0216 0.0144 0.0072 0 
0 0.007 0.014 0.021 0.028 0.035 0.042 0.049 0.056 0.063 0.07 0.077 0.084 0.091 0.098 0.105 0.1119 0.1186 0.1251 0.1314 0.1375 0.1434 0.1491 0.1546 0.1599 0.165 0.1699 0.1746 0.1791 0.1834 0.1875 0.1914 0.1951 0.1986 0.2019 0.205 0.2079 0.2106 0.2131 0.2154 0.2175 0.2194 0.2211 0.2226 0.2239 0.225 0.2259 0.2266 0.2271 0.2274 0.2275 0.2274 0.2271 0.2266 0.2259 0.225 0.2239 0.2226 0.2211 0.2194 0.2175 0.2154 0.2131 0.2106 0.2079 0.205 0.2019 0.1986 0.1951 0.1914 0.1875 0.1834 0.1791 0.1746 0.1699 0.165 0.1599 0.1546 0.1491 0.1434 0.1375 0.1314 0.1251 0.1186 0.1119 0.105 0.098 0.091 0.084 0.077 0.07 0.063 0.056 0.049 0.042 0.035 0.028 0.021 0.014 0.007 0 
0 0.0068 0.0136 0.0204 0.0272 0.034 0.0408 0.0476 0.0544 0.0612 0.068 0.0748 0.0816 0.0884 0.0952 0.102 0.1088 0.1155 0.122 0.1283 0.1344 0.1403 0.146 0.1515 0.1568 0.1619 0.1668 0.1715 0.176 0.1803 0.1844 0.1883 0.192 0.1955 0.1988 0.2019 0.2048 0.2075 0.21 0.2123 0.2144 0.2163 0.218 0.2195 0.2208 0.2219 0.2228 0.2235 0.224 0.2243 0.2244 0.2243 0.224 0.2235 0.2228 0.2219 0.2208 0.2195 0.218 0.2163 0.2144 0.2123 0.21 0.2075 0.2048 0.2019 0.1988 0.1955 0.192 0.1883 0.1844 0.1803 0.176 0.1715 0.1668 0.1619 0.1568 0.1515 0.146 0.1403 0.1344 0.1283 0.122 0.1155 0.1088 0.102 0.0952 0.0884 0.0816 0.0748 0.068 0.0612 0.0544 0.0476 0.0408 0.034 0.0272 0.0204 0.0136 0.0068 0 
0 0.0066 0.0132 0.0198 0.0264 0.033 0.0396 0.0462 0.0528 0.0594 0.066 0.0726 0.0792 0.0858 0.0924 0.099 0.1056 0.1122 0.1187 0.125 0.1311 0.137 0.1427 0.1482 0.1535 0.1586 0.1635 0.1682 0.1727 0.177 0.1811 0.185 0.1887 0.1922 0.1955 0.1986 0.2015 0.2042 0.2067 0.209 0.2111 0.213 0.2147 0.2162 0.2175 0.2186 0.2195 0.2202 0.2207 0.221 0.2211 0.221 0.2207 0.2202 0.2195 0.2186 0.2175 0.2162 0.2147 0.213 0.2111 0.209 0.2067 0.2042 0.2015 0.1986 0.1955 0.1922 0.1887 0.185 0.1811 0.177 0.1727 0.1682 0.1635 0.1586 0.1535 0.1482 0.1427 0.137 0.1311 0.125 0.1187 0.1122 0.1056 0.099 0.0924 0.0858 0.0792 0.0726 0.066 0.0594 0.0528 0.0462 0.0396 0.033 0.0264 0.0198 0.0132 0.0066 0 
0 0.0064 0.0128 0.0192 0.0256 0.032 0.0384 0.0448 0.0512 0.0576 0.064 0.0704 0.0768 0.0832 0.0896 0.096 0.1024 0.1088 0.1152 0.1215 0.1276 0.1335 0.1392 0.1447 0.15 0.1551 0.16 0.1647 0.1692 0.1735 0.1776 0.1815 0.1852 0.1887 0.192 0.1951 0.198 0.2007 0.2032 0.2055 0.2076 0.2095 0.2112 0.2127 0.214 0.2151 0.216 0.2167 0.2172 0.2175 0.2176 0.2175 0.2172 0.2167 0.216 0.2151 0.214 0.2127 0.2112 0.2095 0.2076 0.2055 0.2032 0.2007 0.198 0.1951 0.192 0.1887 0.1852 0.1815 0.1776 0.1735 0.1692 0.1647 0.16 0.1551 0.15 0.1447 0.1392 0.1335 0.1276 0.1215 0.1152 0.1088 0.1024 0.096 0.0896 0.0832 0.0768 0.0704 0.064 0.0576 0.0512 0.0448 0.0384 0.032 0.0256 0.0192 0.0128 0.0064 0 
0 0.0062 0.0124 0.0186 0.0248 0.031 0.0372 0.0434 0.0496 0.0558 0.062 0.0682 0.0744 0.0806 0.0868 0.093 0.0992 0.1054 0.1116 0.1178 0.1239 0.1298 0.1355 0.141 0.1463 0.1514 0.1563 0.161 0.1655 0.1698 0.1739 0.1778 0.1815 0.185 0.1883 0.1914 0.1943 0.197 0.1995 0.2018 0.2039 0.2058 0.2075 0.209 0.2103 0.2114 0.2123 0.213 0.2135 0.2138 0.2139 0.2138 0.2135 0.213 0.2123 0.2114 0.2103 0.209 0.2075 0.2058 0.2039 0.2018 0.1995 0.197 0.1943 0.1914 0.1883 0.185 0.1815 0.1778 0.1739 0.1698 0.1655 0.161 0.1563 0.1514 0.1463 0.141 0.1355 0.1298 0.1239 0.1178 0.1116 0.1054 0.0992 0.093 0.0868 0.0806 0.0744 0.0682 0.062 0.0558 0.0496 0.0434 0.0372 0.031 0.0248 0.0186 0.0124 0.0062 0 
0 0.006 0.012 0.018 0.024 0.03 0.036 0.042 0.048 0.054 0.06 0.066 0.072 0.078 0.084 0.09 0.096 0.102 0.108 0.114 0.12 0.1259 0.1316 0.1371 0.1424 0.1475 0.1524 0.1571 0.1616 0.1659 0.17 0.1739 0.1776 0.1811 0.1844 0.1875 0.1904 0.1931 0.1956 0.1979 0.2 0.2019 0.2036 0.2051 0.2064 0.2075 0.2084 0.2091 0.2096 0.2099 0.21 0.2099 0.2096 0.2091 0.2084 0.2075 0.2064 0.2051 0.2036 0.2019 0.2 0.1979 0.1956 0.1931 0.1904 0.1875 0.1844 0.1811 0.1776 0.1739 0.17 0.1659 0.1616 0.1571 0.1524 0.1475 0.1424 0.1371 0.1316 0.1259 0.12 0.114 0.108 0.102 0.096 0.09 0.084 0.078 0.072 0.066 0.06 0.054 0.048 0.042 0.036 0.03 0.024 0.018 0.012 0.006 0 
0 0.0058 0.0116 0.0174 0.0232 0.029 0.0348 0.0406 0.0464 0.0522 0.058 0.0638 0.0696 0.0754 0.0812 0.087 0.0928 0.0986 0.1044 0.1102 0.116 0.1218 0.1275 0.133 0.1383 0.1434 0.1483 0.153 0.1575 0.1618 0.1659 0.1698 0.1735 0.177 0.1803 0.1834 0.1863 0.189 0.1915 0.1938 0.1959 0.1978 0.1995 0.201 0.2023 0.2034 0.2043 0.205 0.2055 0.2058 0.2059 0.2058 0.2055 0.205 0.2043 0.2034 0.2023 0.201 0.1995 0.1978 0.1959 0.1938 0.1915 0.189 0.1863 0.1834 0.1803 0.177 0.1735 0.1698 0.1659 0.1618 0.1575 0.153 0.1483 0.1434 0.1383 0.133 0.1275 0.1218 0.116 0.1102 0.1044 0.0986 0.0928 0.087 0.0812 0.0754 0.0696 0.0638 0.058 0.0522 0.0464 0.0406 0.0348 0.029 0.0232 0.0174 0.0116 0.0058 0 
0 0.0056 0.0112 0.0168 0.0224 0.028 0.0336 0.0392 0.0448 0.0504 0.056 0.0616 0.0672 0.0728 0.0784 0.084 0.0896 0.0952 0.1008 0.1064 0.112 0.1176 0.1232 0.1287 0.134 0.1391 0.144 0.1487 0.1532 0.1575 0.1616 0.1655 0.1692 0.1727 0.176 0.1791 0.182 0.1847 0.1872 0.1895 0.1916 0.1935 0.1952 0.1967 0.198 0.1991 0.2 0.2007 0.2012 0.2015 0.2016 0.2015 0.2012 0.2007 0.2 0.1991 0.198 0.1967 0.1952 0.1935 0.1916 0.1895 0.1872 0.1847 0.182 0.1791 0.176 0.1727 0.1692 0.1655 0.1616 0.1575 0.1532 0.1487 0.144 0.1391 0.134 0.1287 0.1232 0.1176 0.112 0.1064 0.1008 0.0952 0.0896 0.084 0.0784 0.0728 0.0672 0.0616 0.056 0.0504 0.0448 0.0392 0.0336 0.028 0.0224 0.0168 0.0112 0.0056 0 
0 0.0054 0.0108 0.0162 0.0216 0.027 0.0324 0.0378 0.0432 0.0486 0.054 0.0594 0.0648 0.0702 0.0756 0.081 0.0864 0.0918 0.0972 0.1026 0.108 0.1134 0.1188 0.1242 0.1295 0.1346 0.1395 0.1442 0.1487 0.153 0.1571 0.161 0.1647 0.1682 0.1715 0.1746 0.1775 0.1802 0.1827 0.185 0.1871 0.189 0.1907 0.1922 0.1935 0.1946 0.1955 0.1962 0.1967 0.197 0.1971 0.197 0.1967 0.1962 0.1955 0.1946 0.1935 0.1922 0.1907 0.189 0.1871 0.185 0.1827 0.1802 0.1775 0.1746 0.1715 0.1682 0.1647 0.161 0.1571 0.153 0.1487 0.1442 0.1395 0.1346 0.1295 0.1242 0.1188 0.1134 0.108 0.1026 0.0972 0.0918 0.0864 0.081 0.0756 0.0702 0.0648 0.0594 0.054 0.0486 0.0432 0.0378 0.0324 0.027 0.0216 0.0162 0.0108 0.0054 0 
0 0.0052 0.0104 0.0156 0.0208 0.026 0.0312 0.0364 0.0416 0.0468 0.052 0.0572 0.0624 0.0676 0.0728 0.078 0.0832 0.0884 0.0936 0.0988 0.104 0.1092 0.1144 0.1196 0.1248 0.1299 0.1348 0.1395 0.144 0.1483 0.1524 0.1563 0.16 0.1635 0.1668 0.1699 0.1728 0.1755 0.178 0.1803 0.1824 0.1843 0.186 0.1875 0.1888 0.1899 0.1908 0.1915 0.192 0.1923 0.1924 0.1923 0.192 0.1915 0.1908 0.1899 0.1888 0.1875 0.186 0.1843 0.1824 0.1803 0.178 0.1755 0.1728 0.1699 0.1668 0.1635 0.16 0.1563 0.1524 0.1483 0.144 0.1395 0.1348 0.1299 0.1248 0.1196 0.1144 0.1092 0.104 0.0988 0.0936 0.0884 0.0832 0.078 0.0728 0.0676 0.0624 0.0572 0.052 0.0468 0.0416 0.0364 0.0312 0.026 0.0208 0.0156 0.0104 0.0052 0 
0 0.005 0.01 0.015 0.02 0.025 0.03 0.035 0.04 0.045 0.05 0.055 0.06 0.065 0.07 0.075 0.08 0.085 0.09 0.095 0.1 0.105 0.11 0.115 0.12 0.125 0.1299 0.1346 0.1391 0.1434 0.1475 0.1514 0.1551 0.1586 0.1619 0.165 0.1679 0.1706 0.1731 0.1754 0.1775 0.1794 0.1811 0.1826 0.1839 0.185 0.1859 0.1866 0.1871 0.1874 0.1875 0.1874 0.1871 0.1866 0.1859 0.185 0.1839 0.1826 0.1811 0.1794 0.1775 0.1754 0.1731 0.1706 0.1679 0.165 0.1619 0.1586 0.1551 0.1514 0.1475 0.1434 0.1391 0.1346 0.1299 0.125 0.12 0.115 0.11 0.105 0.1 0.095 0.09 0.085 0.08 0.075 0.07 0.065 0.06 0.055 0.05 0.045 0.04 0.035 0.03 0.025 0.02 0.015 0.01 0.005 0 
0 0.0048 0.0096 0.0144 0.0192 0.024 0.0288 0.0336 0.0384 0.0432 0.048 0.0528 0.0576 0.0624 0.0672 0.072 0.0768 0.0816 0.0864 0.0912 0.096 0.1008 0.1056 0.1104 0.1152 0.12 0.1248 0.1295 0.134 0.1383 0.1424 0.1463 0.15 0.1535 0.1568 0.1599 0.1628 0.1655 0.168 0.1703 0.1724 0.1743 0.176 0.1775 0.1788 0.1799 0.1808 0.1815 0.182 0.1823 0.1824 0.1823 0.182 0.1815 0.1808 0.1799 0.1788 0.1775 0.176 0.1743 0.1724 0.1703 0.168 0.1655 0.1628 0.1599 0.1568 0.1535 0.15 0.1463 0.1424 0.1383 0.134 0.1295 0.1248 0.12 0.1152 0.1104 0.1056 0.1008 0.096 0.0912 0.0864 0.0816 0.0768 0.072 0.0672 0.0624 0.0576 0.0528 0.048 0.0432 0.0384 0.0336 0.0288 0.024 0.0192 0.0144 0.0096 0.0048 0 
0 0.0046 0.0092 0.0138 0.0184 0.023 0.0276 0.0322 0.0368 0.0414 0.046 0.0506 0.0552 0.0598 0.0644 0.069 0.0736 0.0782 0.0828 0.0874 0.092 0.0966 0.1012 0.1058 0.1104 0.115 0.1196 0.1242 0.1287 0.133 0.1371 0.141 0.1447 0.1482 0.1515 0.1546 0.1575 0.1602 0.1627 0.165 0.1671 0.169 0.1707 0.1722 0.1735 0.1746 0.1755 0.1762 0.1767 0.177 0.1771 0.177 0.1767 0.1762 0.1755 0.1746 0.1735 0.1722 0.1707 0.169 0.1671 0.165 0.1627 0.1602 0.1575 0.1546 0.1515 0.1482 0.1447 0.141 0.1371 0.133 0.1287 0.1242 0.1196 0.115 0.1104 0.1058 0.1012 0.0966 0.092 0.0874 0.0828 0.0782 0.0736 0.069 0.0644 0.0598 0.0552 0.0506 0.046 0.0414 0.0368 0.0322 0.0276 0.023 0.0184 0.0138 0.0092 0.0046 0 
0 0.0044 0.0088 0.0132 0.0176 0.022 0.0264 0.0308 0.0352 0.0396 0.044 0.0484 0.0528 0.0572 0.0616 0.066 0.0704 0.0748 0.0792 0.0836 0.088 0.0924 0.0968 0.1012 0.1056 0.11 0.1144 0.1188 0.1232 0.1275 0.1316 0.1355 0.1392 0.1427 0.146 0.1491 0.152 0.1547 0.1572 0.1595 0.1616 0.1635 0.1652 0.1667 0.168 0.1691 0.17 0.1707 0.1712 0.1715 0.1716 0.1715 0.1712 0.1707 0.17 0.1691 0.168 0.1667 0.1652 0.1635 0.1616 0.1595 0.1572 0.1547 0.152 0.1491 0.146 0.1427 0.1392 0.1355 0.1316 0.1275 0.1232 0.1188 0.1144 0.11 0.1056 0.1012 0.0968 0.0924 0.088 0.0836 0.0792 0.0748 0.0704 0.066 0.0616 0.0572 0.0528 0.0484 0.044 0.0396 0.0352 0.0308 0.0264 0.022 0.0176 0.0132 0.0088 0.0044 0 
0 0.0042 0.0084 0.0126 0.0168 0.021 0.0252 0.0294 0.0336 0.0378 0.042 0.0462 0.0504 0.0546 0.0588 0.063 0.0672 0.0714 0.0756 0.0798 0.084 0.0882 0.0924 0.0966 0.1008 0.105 0.1092 0.1134 0.1176 0.1218 0.1259 0.1298 0.1335 0.137 0.1403 0.1434 0.1463 0.149 0.1515 0.1538 0.1559 0.1578 0.1595 0.161 0.1623 0.1634 0.1643 0.165 0.1655 0.1658 0.1659 0.1658 0.1655 0.165 0.1643 0.1634 0.1623 0.161 0.1595 0.1578 0.1559 0.1538 0.1515 0.149 0.1463 0.1434 0.1403 0.137 0.1335 0.1298 0.1259 0.1218 0.1176 0.1134 0.1092 0.105 0.1008 0.0966 0.0924 0.0882 0.084 0.0798 0.0756 0.0714 0.0672 0.063 0.0588 0.0546 0.0504 0.0462 0.042 0.0378 0.0336 0.0294 0.0252 0.021 0.0168 0.0126 0.0084 0.0042 0 
0 0.004 0.008 0.012 0.016 0.02 0.024 0.028 0.032 0.036 0.04 0.044 0.048 0.052 0.056 0.06 0.064 0.068 0.072 0.076 0.08 0.084 0.088 0.092 0.096 0.1 0.104 0.108 0.112 0.116 0.12 0.1239 0.1276 0.1311 0.1344 0.1375 0.1404 0.1431 0.1456 0.1479 0.15 0.1519 0.1536 0.1551 0.1564 0.1575 0.1584 0.1591 0.1596 0.1599 0.16 0.1599 0.1596 0.1591 0.1584 0.1575 0.1564 0.1551 0.1536 0.1519 0.15 0.1479 0.1456 0.1431 0.1404 0.1375 0.1344 0.1311 0.1276 0.1239 0.12 0.116 0.112 0.108 0.104 0.1 0.096 0.092 0.088 0.084 0.08 0.076 0.072 0.068 0.064 0.06 0.056 0.052 0.048 0.044 0.04 0.036 0.032 0.028 0.024 0.02 0.016 0.012 0.008 0.004 0 
0 0.0038 0.0076 0.0114 0.0152 0.019 0.0228 0.0266 0.0304 0.0342 0.038 0.0418 0.0456 0.0494 0.0532 0.057 0.0608 0.0646 0.0684 0.0722 0.076 0.0798 0.0836 0.0874 0.0912 0.095 0.0988 0.1026 0.1064 0.1102 0.114 0.1178 0.1215 0.125 0.1283 0.1314 0.1343 0.137 0.1395 0.1418 0.1439 0.1458 0.1475 0.149 0.1503 0.1514 0.1523 0.153 0.1535 0.1538 0.1539 0.1538 0.1535 0.153 0.1523 0.1514 0.1503 0.149 0.1475 0.1458 0.1439 0.1418 0.1395 0.137 0.1343 0.1314 0.1283 0.125 0.1215 0.1178 0.114 0.1102 0.1064 0.1026 0.0988 0.095 0.0912 0.0874 0.0836 0.0798 0.076 0.0722 0.0684 0.0646 0.0608 0.057 0.0532 0.0494 0.0456 0.0418 0.038 0.0342 0.0304 0.0266 0.0228 0.019 0.0152 0.0114 0.0076 0.0038 0 
0 0.0036 0.0072 0.0108 0.0144 0.018 0.0216 0.0252 0.0288 0.0324 0.036 0.0396 0.0432 0.0468 0.0504 0.054 0.0576 0.0612 0.0648 0.0684 0.072 0.0756 0.0792 0.0828 0.0864 0.09 0.0936 0.0972 0.1008 0.1044 0.108 0.1116 0.1152 0.1187 0.122 0.1251 0.128 0.1307 0.1332 0.1355 0.1376 0.1395 0.1412 0.1427 0.144 0.1451 0.146 0.1467 0.1472 0.1475 0.1476 0.1475 0.1472 0.1467 0.146 0.1451 0.144 0.1427 0.1412 0.1395 0.1376 0.1355 0.1332 0.1307 0.128 0.1251 0.122 0.1187 0.1152 0.1116 0.108 0.1044 0.1008 0.0972 0.0936 0.09 0.0864 0.0828 0.0792 0.0756 0.072 0.0684 0.0648 0.0612 0.0576 0.054 0.0504 0.0468 0.0432 0.0396 0.036 0.0324 0.0288 0.0252 0.0216 0.018 0.0144 0.0108 0.0072 0.0036 0 
0 0.0034 0.0068 0.0102 0.0136 0.017 0.0204 0.0238 0.0272 0.0306 0.034 0.0374 0.0408 0.0442 0.0476 0.051 0.0544 0.0578 0.0612 0.0646 0.068 0.0714 0.0748 0.0782 0.0816 0.085 0.0884 0.0918 0.0952 0.0986 0.102 0.1054 0.1088 0.1122 0.1155 0.1186 0.1215 0.1242 0.1267 0.129 0.1311 0.133 0.1347 0.1362 0.1375 0.1386 0.1395 0.1402 0.1407 0.141 0.1411 0.141 0.1407 0.1402 0.1395 0.1386 0.1375 0.1362 0.1347 0.133 0.1311 0.129 0.1267 0.1242 0.1215 0.1186 0.1155 0.1122 0.1088 0.1054 0.102 0.0986 0.0952 0.0918 0.0884 0.085 0.0816 0.0782 0.0748 0.0714 0.068 0.0646 0.0612 0.0578 0.0544 0.051 0.0476 0.0442 0.0408 0.0374 0.034 0.0306 0.0272 0.0238 0.0204 0.017 0.0136 0.0102 0.0068 0.0034 0 
0 0.0032 0.0064 0.0096 0.0128 0.016 0.0192 0.0224 0.0256 0.0288 0.032 0.0352 0.0384 0.0416 0.0448 0.048 0.0512 0.0544 0.0576 0.0608 0.064 0.0672 0.0704 0.0736 0.0768 0.08 0.0832 0.0864 0.0896 0.0928 0.096 0.0992 0.1024 0.1056 0.1088 0.1119 0.1148 0.1175 0.12 0.1223 0.1244 0.1263 0.128 0.1295 0.1308 0.1319 0.1328 0.1335 0.134 0.1343 0.1344 0.1343 0.134 0.1335 0.1328 0.1319 0.1308 0.1295 0.128 0.1263 0.1244 0.1223 0.12 0.1175 0.1148 0.1119 0.1088 0.1056 0.1024 0.0992 0.096 0.0928 0.0896 0.0864 0.0832 0.08 0.0768 0.0736 0.0704 0.0672 0.064 0.0608 0.0576 0.0544 0.0512 0.048 0.0448 0.0416 0.0384 0.0352 0.032 0.0288 0.0256 0.0224 0.0192 0.016 0.0128 0.0096 0.0064 0.0032 0 
0 0.003 0.006 0.009 0.012 0.015 0.018 0.021 0.024 0.027 0.03 0.033 0.036 0.039 0.042 0.045 0.048 0.051 0.054 0.057 0.06 0.063 0.066 0.069 0.072 0.075 0.078 0.081 0.084 0.087 0.09 0.093 0.096 0.099 0.102 0.105 0.1079 0.1106 0.1131 0.1154 0.1175 0.1194 0.1211 0.1226 0.1239 0.125 0.1259 0.1266 0.1271 0.1274 0.1275 0.1274 0.1271 0.1266 0.1259 0.125 0.1239 0.1226 0.1211 0.1194 0.1175 0.1154 0.1131 0.1106 0.1079 0.105 0.102 0.099 0.096 0.093 0.09 0.087 0.084 0.081 0.078 0.075 0.072 0.069 0.066 0.063 0.06 0.057 0.054 0.051 0.048 0.045 0.042 0.039 0.036 0.033 0.03 0.027 0.024 0.021 0.018 0.015 0.012 0.009 0.006 0.003 0 
0 0.0028 0.0056 0.0084 0.0112 0.014 0.0168 0.0196 0.0224 0.0252 0.028 0.0308 0.0336 0.0364 0.0392 0.042 0.0448 0.0476 0.0504 0.0532 0.056 0.0588 0.0616 0.0644 0.0672 0.07 0.0728 0.0756 0.0784 0.0812 0.084 0.0868 0.0896 0.0924 0.0952 0.098 0.1008 0.1035 0.106 0.1083 0.1104 0.1123 0.114 0.1155 0.1168 0.1179 0.1188 0.1195 0.12 0.1203 0.1204 0.1203 0.12 0.1195 0.1188 0.1179 0.1168 0.1155 0.114 0.1123 0.1104 0.1083 0.106 0.1035 0.1008 0.098 0.0952 0.0924 0.0896 0.0868 0.084 0.0812 0.0784 0.0756 0.0728 0.07 0.0672 0.0644 0.0616 0.0588 0.056 0.0532 0.0504 0.0476 0.0448 0.042 0.0392 0.0364 0.0336 0.0308 0.028 0.0252 0.0224 0.0196 0.0168 0.014 0.0112 0.0084 0.0056 0.0028 0 
0 0.0026 0.0052 0.0078 0.0104 0.013 0.0156 0.0182 0.0208 0.0234 0.026 0.0286 0.0312 0.0338 0.0364 0.039 0.0416 0.0442 0.0468 0.0494 0.052 0.0546 0.0572 0.0598 0.0624 0.065 0.0676 0.0702 0.0728 0.0754 0.078 0.0806 0.0832 0.0858 0.0884 0.091 0.0936 0.0962 0.0987 0.101 0.1031 0.105 0.1067 0.1082 0.1095 0.1106 0.1115 0.1122 0.1127 0.113 0.1131 0.113 0.1127 0.1122 0.1115 0.1106 0.1095 0.1082 0.1067 0.105 0.1031 0.101 0.0987 0.0962 0.0936 0.091 0.0884 0.0858 0.0832 0.0806 0.078 0.0754 0.0728 0.0702 0.0676 0.065 0.0624 0.0598 0.0572 0.0546 0.052 0.0494 0.0468 0.0442 0.0416 0.039 0.0364 0.0338 0.0312 0.0286 0.026 0.0234 0.0208 0.0182 0.0156 0.013 0.0104 0.0078 0.0052 0.0026 0 
0 0.0024 0.0048 0.0072 0.0096 0.012 0.0144 0.0168 0.0192 0.0216 0.024 0.0264 0.0288 0.0312 0.0336 0.036 0.0384 0.0408 0.0432 0.0456 0.048 0.0504 0.0528 0.0552 0.0576 0.06 0.0624 0.0648 0.0672 0.0696 0.072 0.0744 0.0768 0.0792 0.0816 0.084 0.0864 0.0888 0.0912 0.0935 0.0956 0.0975 0.0992 0.1007 0.102 0.1031 0.104 0.1047 0.1052 0.1055 0.1056 0.1055 0.1052 0.1047 0.104 0.1031 0.102 0.1007 0.0992 0.0975 0.0956 0.0935 0.0912 0.0888 0.0864 0.084 0.0816 0.0792 0.0768 0.0744 0.072 0.0696 0.0672 0.0648 0.0624 0.06 0.0576 0.0552 0.0528 0.0504 0.048 0.0456 0.0432 0.0408 0.0384 0.036 0.0336 0.0312 0.0288 0.0264 0.024 0.0216 0.0192 0.0168 0.0144 0.012 0.0096 0.0072 0.0048 0.0024 0 
0 0.0022 0.0044 0.0066 0.0088 0.011 0.0132 0.0154 0.0176 0.0198 0.022 0.0242 0.0264 0.0286 0.0308 0.033 0.0352 0.0374 0.0396 0.0418 0.044 0.0462 0.0484 0.0506 0.0528 0.055 0.0572 0.0594 0.0616 0.0638 0.066 0.0682 0.0704 0.0726 0.0748 0.077 0.0792 0.0814 0.0836 0.0858 0.0879 0.0898 0.0915 0.093 0.0943 0.0954 0.0963 0.097 0.0975 0.0978 0.0979 0.0978 0.0975 0.097 0.0963 0.0954 0.0943 0.093 0.0915 0.0898 0.0879 0.0858 0.0836 0.0814 0.0792 0.077 0.0748 0.0726 0.0704 0.0682 0.066 0.0638 0.0616 0.0594 0.0572 0.055 0.0528 0.0506 0.0484 0.0462 0.044 0.0418 0.0396 0.0374 0.0352 0.033 0.0308 0.0286 0.0264 0.0242 0.022 0.0198 0.0176 0.0154 0.0132 0.011 0.0088 0.0066 0.0044 0.0022 0 
0 0.002 0.004 0.006 0.008 0.01 0.012 0.014 0.016 0.018 0.02 0.022 0.024 0.026 0.028 0.03 0.032 0.034 0.036 0.038 0.04 0.042 0.044 0.046 0.048 0.05 0.052 0.054 0.056 0.058 0.06 0.062 0.064 0.066 0.068 0.07 0.072 0.074 0.076 0.078 0.08 0.0819 0.0836 0.0851 0.0864 0.0875 0.0884 0.0891 0.0896 0.0899 0.09 0.0899 0.0896 0.0891 0.0884 0.0875 0.0864 0.0851 0.0836 0.0819 0.08 0.078 0.076 0.074 0.072 0.07 0.068 0.066 0.064 0.062 0.06 0.058 0.056 0.054 0.052 0.05 0.048 0.046 0.044 0.042 0.04 0.038 0.036 0.034 0.032 0.03 0.028 0.026 0.024 0.022 0.02 0.018 0.016 0.014 0.012 0.01 0.008 0.006 0.004 0.002 0 
0 0.0018 0.0036 0.0054 0.0072 0.009 0.0108 0.0126 0.0144 0.0162 0.018 0.0198 0.0216 0.0234 0.0252 0.027 0.0288 0.0306 0.0324 0.0342 0.036 0.0378 0.0396 0.0414 0.0432 0.045 0.0468 0.0486 0.0504 0.0522 0.054 0.0558 0.0576 0.0594 0.0612 0.063 0.0648 0.0666 0.0684 0.0702 0.072 0.0738 0.0755 0.077 0.0783 0.0794 0.0803 0.081 0.0815 0.0818 0.0819 0.0818 0.0815 0.081 0.0803 0.0794 0.0783 0.077 0.0755 0.0738 0.072 0.0702 0.0684 0.0666 0.0648 0.063 0.0612 0.0594 0.0576 0.0558 0.054 0.0522 0.0504 0.0486 0.0468 0.045 0.0432 0.0414 0.0396 0.0378 0.036 0.0342 0.0324 0.0306 0.0288 0.027 0.0252 0.0234 0.0216 0.0198 0.018 0.0162 0.0144 0.0126 0.0108 0.009 0.0072 0.0054 0.0036 0.0018 0 
0 0.0016 0.0032 0.0048 0.0064 0.008 0.0096 0.0112 0.0128 0.0144 0.016 0.0176 0.0192 0.0208 0.0224 0.024 0.0256 0.0272 0.0288 0.0304 0.032 0.0336 0.0352 0.0368 0.0384 0.04 0.0416 0.0432 0.0448 0.0464 0.048 0.0496 0.0512 0.0528 0.0544 0.056 0.0576 0.0592 0.0608 0.0624 0.064 0.0656 0.0672 0.0687 0.07 0.0711 0.072 0.0727 0.0732 0.0735 0.0736 0.0735 0.0732 0.0727 0.072 0.0711 0.07 0.0687 0.0672 0.0656 0.064 0.0624 0.0608 0.0592 0.0576 0.056 0.0544 0.0528 0.0512 0.0496 0.048 0.0464 0.0448 0.0432 0.0416 0.04 0.0384 0.0368 0.0352 0.0336 0.032 0.0304 0.0288 0.0272 0.0256 0.024 0.0224 0.0208 0.0192 0.0176 0.016 0.0144 0.0128 0.0112 0.0096 0.008 0.0064 0.0048 0.0032 0.0016 0 
0 0.0014 0.0028 0.0042 0.0056 0.007 0.0084 0.0098 0.0112 0.0126 0.014 0.0154 0.0168 0.0182 0.0196 0.021 0.0224 0.0238 0.0252 0.0266 0.028 0.0294 0.0308 0.0322 0.0336 0.035 0.0364 0.0378 0.0392 0.0406 0.042 0.0434 0.0448 0.0462 0.0476 0.049 0.0504 0.0518 0.0532 0.0546 0.056 0.0574 0.0588 0.0602 0.0615 0.0626 0.0635 0.0642 0.0647 0.065 0.0651 0.065 0.0647 0.0642 0.0635 0.0626 0.0615 0.0602 0.0588 0.0574 0.056 0.0546 0.0532 0.0518 0.0504 0.049 0.0476 0.0462 0.0448 0.0434 0.042 0.0406 0.0392 0.0378 0.0364 0.035 0.0336 0.0322 0.0308 0.0294 0.028 0.0266 0.0252 0.0238 0.0224 0.021 0.0196 0.0182 0.0168 0.0154 0.014 0.0126 0.0112 0.0098 0.0084 0.007 0.0056 0.0042 0.0028 0.0014 0 
0 0.0012 0.0024 0.0036 0.0048 0.006 0.0072 0.0084 0.0096 0.0108 0.012 0.0132 0.0144 0.0156 0.0168 0.018 0.0192 0.0204 0.0216 0.0228 0.024 0.0252 0.0264 0.0276 0.0288 0.03 0.0312 0.0324 0.0336 0.0348 0.036 0.0372 0.0384 0.0396 0.0408 0.042 0.0432 0.0444 0.0456 0.0468 0.048 0.0492 0.0504 0.0516 0.0528 0.0539 0.0548 0.0555 0.056 0.0563 0.0564 0.0563 0.056 0.0555 0.0548 0.0539 0.0528 0.0516 0.0504 0.0492 0.048 0.0468 0.0456 0.0444 0.0432 0.042 0.0408 0.0396 0.0384 0.0372 0.036 0.0348 0.0336 0.0324 0.0312 0.03 0.0288 0.0276 0.0264 0.0252 0.024 0.0228 0.0216 0.0204 0.0192 0.018 0.0168 0.0156 0.0144 0.0132 0.012 0.0108 0.0096 0.0084 0.0072 0.006 0.0048 0.0036 0.0024 0.0012 0 
0 0.001 0.002 0.003 0.004 0.005 0.006 0.007 0.008 0.009 0.01 0.011 0.012 0.013 0.014 0.015 0.016 0.017 0.018 0.019 0.02 0.021 0.022 0.023 0.024 0.025 0.026 0.027 0.028 0.029 0.03 0.031 0.032 0.033 0.034 0.035 0.036 0.037 0.038 0.039 0.04 0.041 0.042 0.043 0.044 0.045 0.0459 0.0466 0.0471 0.0474 0.0475 0.0474 0.0471 0.0466 0.0459 0.045 0.044 0.043 0.042 0.041 0.04 0.039 0.038 0.037 0.036 0.035 0.034 0.033 0.032 0.031 0.03 0.029 0.028 0.027 0.026 0.025 0.024 0.023 0.022 0.021 0.02 0.019 0.018 0.017 0.016 0.015 0.014 0.013 0.012 0.011 0.01 0.009 0.008 0.007 0.006 0.005 0.004 0.003 0.002 0.001 0 
0 0.0008 0.0016 0.0024 0.0032 0.004 0.0048 0.0056 0.0064 0.0072 0.008 0.0088 0.0096 0.0104 0.0112 0.012 0.0128 0.0136 0.0144 0.0152 0.016 0.0168 0.0176 0.0184 0.0192 0.02 0.0208 0.0216 0.0224 0.0232 0.024 0.0248 0.0256 0.0264 0.0272 0.028 0.0288 0.0296 0.0304 0.0312 0.032 0.0328 0.0336 0.0344 0.0352 0.036 0.0368 0.0375 0.038 0.0383 0.0384 0.0383 0.038 0.0375 0.0368 0.036 0.0352 0.0344 0.0336 0.0328 0.032 0.0312 0.0304 0.0296 0.0288 0.028 0.0272 0.0264 0.0256 0.0248 0.024 0.0232 0.0224 0.0216 0.0208 0.02 0.0192 0.0184 0.0176 0.0168 0.016 0.0152 0.0144 0.0136 0.0128 0.012 0.0112 0.0104 0.0096 0.0088 0.008 0.0072 0.0064 0.0056 0.0048 0.004 0.0032 0.0024 0.0016 0.0008 0 
0 0.0006 0.0012 0.0018 0.0024 0.003 0.0036 0.0042 0.0048 0.0054 0.006 0.0066 0.0072 0.0078 0.0084 0.009 0.0096 0.0102 0.0108 0.0114 0.012 0.0126 0.0132 0.0138 0.0144 0.015 0.0156 0.0162 0.0168 0.0174 0.018 0.0186 0.0192 0.0198 0.0204 0.021 0.0216 0.0222 0.0228 0.0234 0.024 0.0246 0.0252 0.0258 0.0264 0.027 0.0276 0.0282 0.0287 0.029 0.0291 0.029 0.0287 0.0282 0.0276 0.027 0.0264 0.0258 0.0252 0.0246 0.024 0.0234 0.0228 0.0222 0.0216 0.021 0.0204 0.0198 0.0192 0.0186 0.018 0.0174 0.0168 0.0162 0.0156 0.015 0.0144 0.0138 0.0132 0.0126 0.012 0.0114 0.0108 0.0102 0.0096 0.009 0.0084 0.0078 0.0072 0.0066 0.006 0.0054 0.0048 0.0042 0.0036 0.003 0.0024 0.0018 0.0012 0.0006 0 
0 0.0004 0.0008 0.0012 0.0016 0.002 0.0024 0.0028 0.0032 0.0036 0.004 0.0044 0.0048 0.0052 0.0056 0.006 0.0064 0.0068 0.0072 0.0076 0.008 0.0084 0.0088 0.0092 0.0096 0.01 0.0104 0.0108 0.0112 0.0116 0.012 0.0124 0.0128 0.0132 0.0136 0.014 0.0144 0.0148 0.0152 0.0156 0.016 0.0164 0.0168 0.0172 0.0176 0.018 0.0184 0.0188 0.0192 0.0195 0.0196 0.0195 0.0192 0.0188 0.0184 0.018 0.0176 0.0172 0.0168 0.0164 0.016 0.0156 0.0152 0.0148 0.0144 0.014 0.0136 0.0132 0.0128 0.0124 0.012 0.0116 0.0112 0.0108 0.0104 0.01 0.0096 0.0092 0.0088 0.0084 0.008 0.0076 0.0072 0.0068 0.0064 0.006 0.0056 0.0052 0.0048 0.0044 0.004 0.0036 0.0032 0.0028 0.0024 0.002 0.0016 0.0012 0.0008 0.0004 0 
0 0.0002 0.0004 0.0006 0.0008 0.001 0.0012 0.0014 0.0016 0.0018 0.002 0.0022 0.0024 0.0026 0.0028 0.003 0.0032 0.0034 0.0036 0.0038 0.004 0.0042 0.0044 0.0046 0.0048 0.005 0.0052 0.0054 0.0056 0.0058 0.006 0.0062 0.0064 0.0066 0.0068 0.007 0.0072 0.0074 0.0076 0.0078 0.008 0.0082 0.0084 0.0086 0.0088 0.009 0.0092 0.0094 0.0096 0.0098 0.0099 0.0098 0.0096 0.0094 0.0092 0.009 0.0088 0.0086 0.0084 0.0082 0.008 0.0078 0.0076 0.0074 0.0072 0.007 0.0068 0.0066 0.0064 0.0062 0.006 0.0058 0.0056 0.0054 0.0052 0.005 0.0048 0.0046 0.0044 0.0042 0.004 0.0038 0.0036 0.0034 0.0032 0.003 0.0028 0.0026 0.0024 0.0022 0.002 0.0018 0.0016 0.0014 0.0012 0.001 0.0008 0.0006 0.0004 0.0002 0 
0 -1.38778e-16 -2.77556e-16 -1.42247e-16 -4.44089e-16 -5.0307e-16 -7.80626e-16 -6.40113e-16 -9.19403e-16 -8.89913e-16 -1.23165e-15 -1.00094e-15 -1.31839e-15 -1.23512e-15 -1.47798e-15 -1.40166e-15 -1.63064e-15 -1.67921e-15 -1.80411e-15 -1.85962e-15 -1.79023e-15 -2.09555e-15 -1.92901e-15 -2.23432e-15 -1.85268e-15 -2.498e-15 -2.09555e-15 -2.67841e-15 -2.17881e-15 -2.88658e-15 -2.27596e-15 -3.08087e-15 -2.23432e-15 -3.19189e-15 -2.30371e-15 -3.33067e-15 -2.27596e-15 -3.44169e-15 -2.27596e-15 -3.69149e-15 -2.38698e-15 -3.83027e-15 -2.52576e-15 -3.91354e-15 -2.63678e-15 -3.96905e-15 -2.72005e-15 -4.16334e-15 -2.83107e-15 -4.16334e-15 -2.94209e-15 -3.52496e-15 -2.22045e-15 -3.58047e-15 -2.16493e-15 -3.41394e-15 -1.9984e-15 -3.35842e-15 -1.94289e-15 -3.16414e-15 -1.77636e-15 -2.94209e-15 -1.63758e-15 -2.85882e-15 -1.60982e-15 -2.69229e-15 -1.40166e-15 -2.69229e-15 -1.3739e-15 -2.58127e-15 -1.249e-15 -2.48412e-15 -1.26288e-15 -2.34535e-15 -1.01308e-15 -2.23432e-15 -8.53484e-16 -2.08861e-15 -6.59195e-16 -2.01228e-15 -6.80012e-16 -1.76942e-15 -4.78784e-16 -1.6237e-15 -3.85109e-16 -1.49533e-15 -2.60209e-16 -1.35655e-15 -2.04697e-16 -1.12237e-15 -2.04697e-16 -1.01134e-15 -7.28584e-17 -8.17055e-16 -1.73472e-18 -6.38378e-16 -8.50015e-17 -3.88578e-16 8.32667e-17 -1.11022e-16 0 
0 -0.0002 -0.0004 -0.0006 -0.0008 -0.001 -0.0012 -0.0014 -0.0016 -0.0018 -0.002 -0.0022 -0.0024 -0.0026 -0.0028 -0.003 -0.0032 -0.0034 -0.0036 -0.0038 -0.004 -0.0042 -0.0044 -0.0046 -0.0048 -0.005 -0.0052 -0.0054 -0.0056 -0.0058 -0.006 -0.0062 -0.0064 -0.0066 -0.0068 -0.007 -0.0072 -0.0074 -0.0076 -0.0078 -0.008 -0.0082 -0.0084 -0.0086 -0.0088 -0.009 -0.0092 -0.0094 -0.0096 -0.0098 -0.0099 -0.0098 -0.0096 -0.0094 -0.0092 -0.009 -0.0088 -0.0086 -0.0084 -0.0082 -0.008 -0.0078 -0.0076 -0.0074 -0.0072 -0.007 -0.0068 -0.0066 -0.0064 -0.0062 -0.006 -0.0058 -0.0056 -0.0054 -0.0052 -0.005 -0.0048 -0.0046 -0.0044 -0.0042 -0.004 -0.0038 -0.0036 -0.0034 -0.0032 -0.003 -0.0028 -0.0026 -0.0024 -0.0022 -0.002 -0.0018 -0.0016 -0.0014 -0.0012 -0.001 -0.0008 -0.0006 -0.0004 -0.0002 0 
0 -0.0004 -0.0008 -0.0012 -0.0016 -0.002 -0.0024 -0.0028 -0.0032 -0.0036 -0.004 -0.0044 -0.0048 -0.0052 -0.0056 -0.006 -0.0064 -0.0068 -0.0072 -0.0076 -0.008 -0.0084 -0.0088 -0.0092 -0.0096 -0.01 -0.0104 -0.0108 -0.0112 -0.0116 -0.012 -0.0124 -0.0128 -0.0132 -0.0136 -0.014 -0.0144 -0.0148 -0.0152 -0.0156 -0.016 -0.0164 -0.0168 -0.0172 -0.0176 -0.018 -0.0184 -0.0188 -0.0192 -0.0195 -0.0196 -0.0195 -0.0192 -0.0188 -0.0184 -0.018 -0.0176 -0.0172 -0.0168 -0.0164 -0.016 -0.0156 -0.0152 -0.0148 -0.0144 -0.014 -0.0136 -0.0132 -0.0128 -0.0124 -0.012 -0.0116 -0.0112 -0.0108 -0.0104 -0.01 -0.0096 -0.0092 -0.0088 -0.0084 -0.008 -0.0076 -0.0072 -0.0068 -0.0064 -0.006 -0.0056 -0.0052 -0.0048 -0.0044 -0.004 -0.0036 -0.0032 -0.0028 -0.0024 -0.002 -0.0016 -0.0012 -0.0008 -0.0004 0 
0 -0.0006 -0.0012 -0.0018 -0.0024 -0.003 -0.0036 -0.0042 -0.0048 -0.0054 -0.006 -0.0066 -0.0072 -0.0078 -0.0084 -0.009 -0.0096 -0.0102 -0.0108 -0.0114 -0.012 -0.0126 -0.0132 -0.0138 -0.0144 -0.015 -0.0156 -0.0162 -0.0168 -0.0174 -0.018 -0.0186 -0.0192 -0.0198 -0.0204 -0.021 -0.0216 -0.0222 -0.0228 -0.0234 -0.024 -0.0246 -0.0252 -0.0258 -0.0264 -0.027 -0.0276 -0.0282 -0.0287 -0.029 -0.0291 -0.029 -0.0287 -0.0282 -0.0276 -0.027 -0.0264 -0.0258 -0.0252 -0.0246 -0.024 -0.0234 -0.0228 -0.0222 -0.0216 -0.021 -0.0204 -0.0198 -0.0192 -0.0186 -0.018 -0.0174 -0.0168 -0.0162 -0.0156 -0.015 -0.0144 -0.0138 -0.0132 -0.0126 -0.012 -0.0114 -0.0108 -0.0102 -0.0096 -0.009 -0.0084 -0.0078 -0.0072 -0.0066 -0.006 -0.0054 -0.0048 -0.0042 -0.0036 -0.003 -0.0024 -0.0018 -0.0012 -0.0006 0 
0 -0.0008 -0.0016 -0.0024 -0.0032 -0.004 -0.0048 -0.0056 -0.0064 -0.0072 -0.008 -0.0088 -0.0096 -0.0104 -0.0112 -0.012 -0.0128 -0.0136 -0.0144 -0.0152 -0.016 -0.0168 -0.0176 -0.0184 -0.0192 -0.02 -0.0208 -0.0216 -0.0224 -0.0232 -0.024 -0.0248 -0.0256 -0.0264 -0.0272 -0.028 -0.0288 -0.0296 -0.0304 -0.0312 -0.032 -0.0328 -0.0336 -0.0344 -0.0352 -0.036 -0.0368 -0.0375 -0.038 -0.0383 -0.0384 -0.0383 -0.038 -0.0375 -0.0368 -0.036 -0.0352 -0.0344 -0.0336 -0.0328 -0.032 -0.0312 -0.0304 -0.0296 -0.0288 -0.028 -0.0272 -0.0264 -0.0256 -0.0248 -0.024 -0.0232 -0.0224 -0.0216 -0.0208 -0.02 -0.0192 -0.0184 -0.0176 -0.0168 -0.016 -0.0152 -0.0144 -0.0136 -0.0128 -0.012 -0.0112 -0.0104 -0.0096 -0.0088 -0.008 -0.0072 -0.0064 -0.0056 -0.0048 -0.004 -0.0032 -0.0024 -0.0016 -0.0008 0 
0 -0.001 -0.002 -0.003 -0.004 -0.005 -0.006 -0.007 -0.008 -0.009 -0.01 -0.011 -0.012 -0.013 -0.014 -0.015 -0.016 -0.017 -0.018 -0.019 -0.02 -0.021 -0.022 -0.023 -0.024 -0.025 -0.026 -0.027 -0.028 -0.029 -0.03 -0.031 -0.032 -0.033 -0.034 -0.035 -0.036 -0.037 -0.038 -0.039 -0.04 -0.041 -0.042 -0.043 -0.044 -0.045 -0.0459 -0.0466 -0.0471 -0.0474 -0.0475 -0.0474 -0.0471 -0.0466 -0.0459 -0.045 -0.044 -0.043 -0.042 -0.041 -0.04 -0.039 -0.038 -0.037 -0.036 -0.035 -0.034 -0.033 -0.032 -0.031 -0.03 -0.029 -0.028 -0.027 -0.026 -0.025 -0.024 -0.023 -0.022 -0.021 -0.02 -0.019 -0.018 -0.017 -0.016 -0.015 -0.014 -0.013 -0.012 -0.011 -0.01 -0.009 -0.008 -0.007 -0.006 -0.005 -0.004 -0.003 -0.002 -0.001 0 
0 -0.0012 -0.0024 -0.0036 -0.0048 -0.006 -0.0072 -0.0084 -0.0096 -0.0108 -0.012 -0.0132 -0.0144 -0.0156 -0.0168 -0.018 -0.0192 -0.0204 -0.0216 -0.0228 -0.024 -0.0252 -0.0264 -0.0276 -0.0288 -0.03 -0.0312 -0.0324 -0.0336 -0.0348 -0.036 -0.0372 -0.0384 -0.0396 -0.0408 -0.042 -0.0432 -0.0444 -0.0456 -0.0468 -0.048 -0.0492 -0.0504 -0.0516 -0.0528 -0.0539 -0.0548 -0.0555 -0.056 -0.0563 -0.0564 -0.0563 -0.056 -0.0555 -0.0548 -0.0539 -0.0528 -0.0516 -0.0504 -0.0492 -0.048 -0.0468 -0.0456 -0.0444 -0.0432 -0.042 -0.0408 -0.0396 -0.0384 -0.0372 -0.036 -0.0348 -0.0336 -0.0324 -0.0312 -0.03 -0.0288 -0.0276 -0.0264 -0.0252 -0.024 -0.0228 -0.0216 -0.0204 -0.0192 -0.018 -0.0168 -0.0156 -0.0144 -0.0132 -0.012 -0.0108 -0.0096 -0.0084 -0.0072 -0.006 -0.0048 -0.0036 -0.0024 -0.0012 0 
